% PETS2009 dataset
S1L1_1_V1 = meshgrid(0:220,0:1);
S1L1_1_V1(2,:) = [ 5 7 7 8 8 8 8 9 9 9 9 9 9 9 9 9 9 10 10 10 12 12 12 12 13 13 13 13 14 14 15 16 16 16 16 17 17 18 19 20 20 20 20 20 20 20 20 20 20 21 22 22 22 22 22 22 22 22 22 22 22 22 22 23 23 23 23 24 24 24 24 24 25 25 26 26 27 28 28 29 29 29 29 29 30 30 30 32 32 33 33 33 33 33 33 33 33 32 32 32 32 33 32 32 32 33 32 32 32 33 32 32 32 33 35 35 34 35 35 35 35 34 34 34 34 34 33 33 34 34 33 33 33 33 33 33 32 32 32 32 32 32 30 30 30 30 29 28 28 28 27 27 26 26 26 26 26 26 26 26 26 25 24 24 24 24 24 24 23 23 23 22 22 22 22 22 22 22 22 22 22 22 22 21 21 21 21 20 20 20 20 20 19 19 19 17 17 17 16 16 15 15 14 14 14 14 13 13 13 13 13 13 12 12 12 12 12 12 11 11 11 ];
S1L1_1_V1 = S1L1_1_V1';

S1L1_2_V1 = meshgrid(0:240,0:1);
S1L1_2_V1(2,:) = [ 3 3 4 4 4 4 4 4 5 5 6 6 6 6 6 7 7 7 7 7 7 7 7 7 7 7 7 7 7 7 7 7 8 8 8 8 8 9 9 9 10 10 11 11 10 10 10 10 10 10 10 11 11 11 11 12 12 12 12 12 12 13 14 14 14 15 15 15 15 16 16 16 16 16 16 16 16 16 16 16 16 16 16 16 16 16 16 16 15 15 15 15 15 15 15 15 15 15 15 15 15 15 15 16 16 16 16 16 16 15 15 16 17 17 17 17 17 17 18 18 19 19 19 19 19 19 19 20 20 20 20 20 20 20 21 21 21 20 20 20 20 20 20 20 20 20 20 20 20 20 20 21 21 21 21 21 21 20 21 21 20 20 20 20 21 21 20 20 20 20 21 21 21 21 22 22 22 22 21 21 21 21 21 20 20 20 19 19 20 19 19 19 20 19 20 20 20 20 21 21 21 21 20 20 20 19 19 19 17 18 19 19 19 19 20 20 20 20 20 21 21 21 21 21 21 22 22 22 22 22 22 22 22 23 24 24 24 24 25 25 26 ];
S1L1_2_V1 = S1L1_2_V1';

S1L2_1_V1 = meshgrid(0:200,0:1);
S1L2_1_V1(2,:) = [ 1 1 1 1 1 1 1 1 2 2 2 2 2 3 3 3 4 5 5 5 5 5 5 5 5 5 6 6 8 9 10 13 13 13 14 14 14 15 16 16 17 17 19 19 21 21 22 23 23 23 23 24 25 25 25 25 25 26 27 28 28 29 30 30 30 31 32 33 33 33 34 35 36 38 38 38 38 39 39 39 39 40 40 41 41 42 42 42 42 42 42 42 42 42 42 42 42 42 42 42 42 42 42 42 42 42 42 42 42 42 42 43 43 43 43 43 43 43 43 43 43 43 43 43 43 43 43 43 43 43 43 43 43 43 43 43 43 43 43 43 43 42 42 42 41 40 40 39 39 39 39 39 37 37 37 36 35 34 34 33 32 32 30 30 28 28 26 26 26 24 24 23 21 21 20 20 18 18 17 16 15 15 15 14 14 11 11 11 10 10 9 8 8 7 6 6 5 5 5 4 3 ];
S1L2_1_V1 = S1L2_1_V1';

S1L2_1_V2 = meshgrid(0:200,0:1);
S1L2_1_V2(2,:) = [ 44 44 44 44 44 44 44 44 44 44 44 44 44 44 44 44 44 44 44 44 44 44 44 44 44 44 44 44 44 44 44 44 44 44 44 44 44 44 44 44 44 44 44 44 44 44 44 44 44 44 44 44 44 44 44 44 44 43 43 43 43 43 43 43 43 43 43 43 43 43 43 43 43 43 43 43 43 43 43 43 43 43 43 43 43 43 43 43 43 43 43 43 43 43 43 43 43 43 43 43 43 43 43 43 43 43 43 43 43 43 43 43 43 43 43 43 43 43 43 43 43 43 43 43 43 43 43 43 43 43 43 42 42 42 42 42 42 42 42 42 42 42 41 41 39 39 37 37 35 34 34 34 34 32 32 31 30 29 29 28 28 28 27 26 26 26 25 25 24 23 23 20 19 18 18 17 17 17 16 14 14 14 13 11 11 9 9 9 7 7 6 6 6 3 3 3 3 3 3 3 3 ];
S1L2_1_V2 = S1L2_1_V2';

S1L2_1_V3 = meshgrid(0:200,0:1);
S1L2_1_V3(2,:) = [ 23 23 23 23 24 25 25 25 25 26 27 27 27 29 29 29 29 30 31 31 32 32 32 32 33 33 34 34 34 34 34 34 34 34 34 34 34 34 34 34 34 34 34 34 34 34 34 34 34 34 34 34 34 34 34 34 34 34 34 34 34 34 34 34 34 34 34 34 34 34 34 34 34 34 34 34 34 34 34 34 34 34 34 34 34 34 34 35 35 35 35 35 35 35 35 35 35 35 35 35 35 35 35 35 35 35 35 35 35 35 35 35 35 35 35 35 35 35 35 35 35 35 35 35 35 35 35 35 35 35 35 35 35 35 35 35 35 35 35 35 35 35 35 35 35 35 35 35 35 35 35 35 35 35 35 35 35 35 35 35 35 35 35 35 35 35 35 35 35 35 35 35 35 35 35 35 35 35 35 35 35 35 35 35 35 35 35 35 35 35 35 35 35 35 35 35 35 35 35 35 35 ];
S1L2_1_V3 = S1L2_1_V3';

S1L2_1_V4 = meshgrid(0:200,0:1);
S1L2_1_V4(2,:) = [ 6 6 6 7 8 8 8 8 9 9 9 10 11 11 11 11 11 11 12 13 13 14 14 14 14 15 15 15 17 17 17 19 19 20 21 21 22 22 22 22 23 23 24 24 24 24 24 24 24 25 25 27 27 28 28 28 28 29 30 30 31 32 32 32 32 32 33 33 33 33 34 34 35 35 35 35 35 35 35 35 35 35 35 35 35 35 35 35 35 35 35 35 35 35 35 35 35 35 35 35 35 35 35 35 35 35 35 35 35 35 36 36 36 36 36 36 35 35 35 35 35 35 35 35 35 35 35 35 35 35 35 35 35 35 35 35 35 35 35 35 35 35 35 35 35 35 35 35 35 35 35 35 35 35 35 35 35 35 35 35 35 35 35 35 35 35 35 35 35 35 35 35 35 35 35 35 35 35 35 35 35 35 35 35 35 35 35 35 35 35 35 35 35 35 35 35 35 35 35 35 35 ];
S1L2_1_V4 = S1L2_1_V4';

S1L2_2_V1_old = meshgrid(0:130,0:1);
S1L2_2_V1_old(2,:) = [ 9 9 9 10 11 12 12 12 12 13 13 14 14 17 18 18 19 19 19 20 21 23 23 24 24 25 26 26 26 27 27 27 28 28 29 29 29 30 30 31 31 31 32 32 33 33 34 35 35 35 35 35 36 37 37 38 39 39 39 39 39 39 39 39 39 39 40 40 40 40 40 40 40 40 40 40 40 40 40 40 40 39 39 39 39 39 39 39 39 39 38 38 38 38 38 38 38 37 36 35 35 35 35 35 34 34 34 34 32 31 31 31 30 28 28 28 28 27 25 25 25 25 25 24 24 24 24 24 24 23 22 ];
S1L2_2_V1_old = S1L2_2_V1_old';

S2L1_V1_old = meshgrid(0:794,0:1);
S2L1_V1_old(2,:) = [ 3 3 3 3 3 3 3 3 3 3 3 3 3 3 3 3 4 4 4 4 4 5 5 5 5 5 5 5 5 5 5 5 5 5 5 5 5 5 5 5 6 6 6 6 6 6 6 6 6 6 6 6 6 6 6 6 6 6 6 6 6 6 6 6 6 6 6 6 6 6 6 6 6 6 6 6 6 6 6 6 6 6 6 6 6 6 6 6 6 6 6 6 6 6 6 6 6 6 6 6 6 6 6 6 6 6 6 6 6 6 6 6 6 6 6 7 7 7 7 7 7 7 7 7 7 7 7 7 7 7 7 7 8 8 8 8 8 8 8 8 8 8 8 8 8 8 8 7 7 7 7 7 7 7 7 7 7 7 7 7 7 7 7 7 7 7 7 7 7 7 7 7 7 7 7 7 7 7 7 7 7 7 7 7 7 7 7 7 7 7 7 7 7 7 7 7 7 7 7 7 7 7 7 7 7 7 6 6 6 6 6 6 6 6 6 6 6 6 5 5 5 5 5 6 6 6 6 6 6 6 7 7 7 7 7 7 7 7 7 7 7 7 7 7 7 7 7 7 7 7 7 7 7 7 7 7 7 7 7 7 7 7 7 7 7 7 7 7 7 7 7 7 7 7 7 7 7 7 7 7 6 6 6 6 6 6 6 6 6 6 6 6 6 6 6 6 6 6 6 6 6 6 6 6 6 6 6 6 6 6 6 6 6 6 6 6 6 6 6 6 6 6 6 6 6 6 6 6 6 6 6 6 6 6 6 6 6 6 6 6 6 6 6 6 6 6 6 6 6 6 6 6 6 6 6 6 6 6 6 6 6 6 5 5 5 5 5 4 4 4 4 4 4 4 4 4 4 4 4 4 4 4 4 4 4 4 4 4 4 4 4 4 4 3 3 3 3 3 3 3 3 3 3 3 2 2 2 2 2 2 2 2 2 2 2 2 2 2 2 2 2 2 3 3 3 3 3 3 3 3 3 3 3 3 3 3 3 3 3 3 3 3 3 3 3 3 3 3 3 3 3 3 3 3 3 3 3 3 3 3 3 3 3 3 3 3 4 4 4 4 4 4 4 4 4 4 4 4 4 4 4 4 4 4 4 4 4 4 4 4 4 4 4 4 4 4 4 4 4 4 4 4 4 4 5 5 6 6 6 6 6 6 6 6 6 6 6 6 6 5 5 5 5 5 5 5 5 5 6 6 6 6 6 6 6 6 6 6 6 6 6 6 6 6 6 6 6 6 6 6 6 6 6 6 6 6 6 6 6 6 6 6 6 6 6 6 6 6 6 6 6 6 6 6 6 7 7 6 6 6 6 6 6 6 6 6 6 6 6 6 6 6 6 6 6 6 6 6 6 6 6 6 6 6 6 6 6 6 6 6 7 7 7 6 6 6 6 6 6 6 6 6 6 6 6 6 6 6 6 6 6 6 6 6 6 6 6 6 6 6 6 6 6 6 6 6 6 6 6 6 6 6 6 6 6 6 6 6 6 7 7 7 7 7 7 7 7 7 7 7 7 7 7 7 7 7 7 7 7 7 7 7 7 7 7 7 7 7 7 7 7 7 7 7 7 7 8 8 8 8 8 8 8 8 8 8 8 8 8 8 8 8 8 8 8 8 8 8 8 8 8 8 8 8 8 8 8 8 8 8 8 8 8 8 8 8 8 8 8 8 8 8 7 7 7 7 7 7 7 7 7 7 7 7 7 7 7 7 7 7 7 7 7 7 7 7 7 7 7 7 7 7 7 7 7 7 7 7 7 7 7 7 7 7 7 7 7 7 7 7 7 7 7 7 7 ];
S2L1_V1_old = S2L1_V1_old';

S2L2_V1_old = meshgrid(0:435,0:1);
S2L2_V1_old(2,:) = [ 30 30 30 30 31 31 31 31 31 31 31 32 32 32 32 32 32 32 32 32 32 33 33 33 33 33 33 33 33 33 33 33 35 35 34 34 34 34 34 34 34 34 34 34 34 34 34 34 35 35 35 35 35 35 35 35 35 35 35 35 35 35 35 35 35 35 35 35 35 35 35 35 35 35 35 35 35 35 35 35 35 35 34 34 34 34 34 34 34 34 34 33 33 33 33 33 33 33 33 33 33 33 33 32 32 32 32 32 31 31 31 31 31 31 31 30 30 30 30 30 30 28 27 27 27 26 26 26 26 25 23 23 22 22 22 22 22 22 22 22 21 21 21 21 21 21 20 20 20 19 18 18 18 18 19 18 17 17 17 17 17 17 17 17 17 17 17 18 18 18 18 18 18 18 18 18 18 18 18 18 17 17 17 17 17 17 17 17 17 17 17 17 18 18 18 18 18 18 17 17 17 17 17 17 17 17 17 17 17 17 17 17 17 17 17 17 17 16 16 16 16 16 16 16 16 16 16 16 16 15 15 15 15 14 14 14 14 14 14 13 13 13 13 13 12 12 12 12 12 12 12 12 12 12 12 12 12 12 12 12 12 12 12 12 12 12 12 12 12 12 12 12 13 13 13 13 13 13 13 13 13 13 13 13 13 12 12 11 11 11 11 11 11 11 11 11 11 11 11 11 11 11 11 11 10 10 10 10 10 10 10 10 10 10 10 10 10 10 10 10 11 11 11 11 12 12 13 13 14 15 15 15 15 16 16 16 16 16 16 16 17 17 17 17 18 18 19 19 19 21 22 23 23 23 23 24 24 24 25 25 25 26 27 27 27 27 28 28 28 28 29 29 29 29 30 30 30 30 31 31 31 32 32 32 32 31 32 32 33 33 33 33 34 34 34 34 34 34 35 35 35 35 35 35 35 35 35 35 35 35 35 35 35 35 35 35 35 35 35 35 35 35 35 35 34 34 34 34 34 34 34 33 33 33 33 33 ];
S2L2_V1_old = S2L2_V1_old';

S2L3_V1_old = meshgrid(0:239,0:1);
