freq = [ 2 4 8 16 32 64 ];
angle = [ 0 45 90 135 ];

fsizex = 320;
fsizey = 240;

